0000000000000000000000000000000000000001
0000000010110000000000001110100000000001
0000000000000000000000000000000000000001
0000000011111000000000001110100000000001
1111111111110010000000000010000000000001
0000000000000000000000001110001000000001
1111111111110110000010010010000000000001
0000000000001000000000001110001000000001
1111111111110110000101110010000000000001
0000000000010000000000001110001000000001
1111111111110110000101010010000000000001
0000000000011000000000001110001000000001
1111111111110110000101100010000000000001
0000000000100000000000001110001000000001
1111111111110010000000010010000000000001
0000000000101000000000001110001000000001
1111111111110010000000100010000000000001
0000000000110000000000001110001000000001
1111111111110010000000110010000000000001
0000000000111000000000001110001000000001
0000000000000001000010000010000000001001
1111111111110001000010000100000001000001
1111111111110001000010000100000000100101
0000000001111000000000001110010000000001
0000000000000000000000000000000000000001
0000000001101000000000001111000000000001
0000000001101001000011001000000000000001
0000000000000000000000000000000000000001
0000000000000000000000000000000000000001
0000000001001000000000001111011000000001
0000000001001001000110100010000000000001
0000000000000000000000000000000000000001
0000000001010000000000001110001000000001
0000000001011000000000001111001000000001
0000000001010000000000001100000000000001
0000000000000000000000000000000000000001
0000000000000010000001011010000100000001
1111111111100001000010000010000000000001
0000000000000010000001001010000100000001
1111111111100001000010000010001001000001
0000000001100000000000001110001000000001
0000000001011000000000001100000000000001
0000000001100111111111110010000000000001
1111111111100001000010000010001000000001
0000000001110000000000001110001000000001
0000000001110001000001010010000000000001
0000000001110000000000001110001000000001
0000000001110001000001010010000000000001
0000000001110000000000001110001000000001
0000000001110000000000001100000000000001
0000000001101111111111110010000001000001
1111111111110001000001110010001000000001
0000000010000000000000001110001000000001
0000000010000111111111110010000000000001
0000000010000000000000001110001000000001
0000000010000000000000001100000000000001
0000000001101111111111110010000001000001
1111111111110001000001110010001000000001
0000000010000000000000001110001000000001
0000000010000111111111110010000000000001
0000000010000000000000001110001000000001
0000000010000000000000001100000000000001
0000000001101111111111110010000001000001
1111111111110001000001110010001000000001
0000000010000000000000001110001000000001
0000000010000111111111110010000000000001
0000000010000000000000001110001000000001
0000000010000000000000001100000000000001
0000000000001111111111110010000000000001
0000000010000000000000001110001000000001
0000000010000000000000001100000000000001
0000000001111111111111110010000000000001
0000000001000000000000001110001000000001
0000000000011001000010000010000000000001
0000000010010000000000001110001000000001
0000000010010000000000001100000000000001
0000000000110111111111110010000000000001
0000000010001000000000001110001000000001
0000000000100001000010000010000000000001
0000000010010000000000001110001000000001
0000000010010000000000001100000000000001
0000000000101111111111110010000000000001
0000000010011000000000001110001000000001
0000000011011010001010000010000000000001
0000000011010010001010010010001000000001
0000000011000010001010000011010000000001
0000000010111010001010010010001000000001
0000000010110010001001010010001000000001
0000000010101010001001100010001000000001
0000000010100010001001110010001000000001
0000000000000000000000000000000000000001
0000000011001000000000001110001000000001
0000000011100000000000001111001000000001
0000000100100010001011010010000000000001
0000000100011010001011100010001000000001
0000000100001010001011010011010000000001
0000000100000010001011100010001000000001
0000000011111010001010100010001000000001
0000000011110010001010110010001000000001
0000000011101010001011000010001000000001
0000000000000000000000000000000000000001
0000000100010000000000001110001000000001
0000000100101000000000001111001000000001
0000000000010001000010000010000000000001
0000000010010000000000001110001000000001
0000000010010000000000001100000000000001
0000000000111111111111110010000000000001
0000000100110000000000001110001000000001
0000000100110001000010000010000000000001
0000000100111000000000001110001000000001
0000000100111000000000001100000000000001
0000000000000000000000000000000000000001
1111111111110010001100000010000100000001
0000000101000000000000001110001000000001
0000000001000001000001110010000000000001
0000000101101000000000001110001000000001
0000000101101000000000001100000000000001
0000000000000111111111111010000000000001
1111111111101001000010000010000000000001
0000000101101000000000001110001000000001
1111111111101001000010000010000000000001
0000000101110000000000001110001000000001
1111111111101001000010000010000000000001
0000000101111000000000001110001000000001
1111111111101001000010000010000000000001
0000000110000000000000001110001000000001
0000000011001001000010000010000000000001
0000000101101000000000001110001010000001
0000000100010001000010000010000000000001
0000000101110000000000001110001010000001
0000000101101001000010000010000000000001
0000000101001000000000001110001000000001
0000000101110001000010000010000000000001
0000000101010000000000001110001000000001
0000000101111001000010000010000000000001
0000000101011000000000001110001000000001
0000000110000001000010000010000000000001
0000000101100000000000001110001000000001
0000000101011001000010000010000000000001
0000000000000000000000000000000000000001
0000000110011000000000001110001000000001
0000000110011000000000001110001000000001
0000000110011000000000001110001000000001
0000000110011000000000001110001000000001
0000000110011000000000001110001000000001
0000000110011000000000001110001000000001
0000000110011000000000001110001000000001
0000000110011000000000001110001000000001
0000000110011000000000001110001000000001
0000000110011000000000001110001000000001
0000000110011000000000001110001000000001
0000000110011000000000001110001000000001
0000000110011000000000001110001000000001
0000000110011000000000001110001000000001
0000000110011000000000001110001000000001
0000000110111010100101110010000000000001
0000000110101010100101110011010000000001
0000000110011010100101010010001000000001
0000000110010010100101100010001000000001
0000000000000000000000000000000000000001
0000000110110000000000001110001000000001
0000000111000000000000001111001000000001
0000000111101010100110100010000000000001
0000000111100010100111000010001000000001
0000000111010010100110100011010000000001
0000000111001010100111000010001000000001
0000000110110010100110000010001000000001
0000000110101010100110010010001000000001
0000000110100010100110110010001000000001
0000000000000000000000000000000000000001
0000000111011000000000001110001000000001
0000000111110000000000001111001000000001
0000001000011010100111110010000000000001
0000001000010010101000010010001000000001
0000001000000010100111110011010000000001
0000000111111010101000010010001000000001
0000000111011010100111010010001000000001
0000000111010010100111100010001000000001
0000000111001010101000000010001000000001
0000000000000000000000000000000000000001
0000001000001000000000001110001000000001
0000001000100000000000001111001000000001
0000001001001010101001000010000000000001
0000001001000010101001100010001000000001
0000001000110010101001000011010000000001
0000001000101010101001100010001000000001
0000001000001010101000100010001000000001
0000001000000010101000110010001000000001
0000000111111010101001010010001000000001
0000000000000000000000000000000000000001
0000001000111000000000001110001000000001
0000001001010000000000001111001000000001
0000001001111010101010010010000000000001
0000001001110010101010110010001000000001
0000001001100010101010010011010000000001
0000001001011010101010110010001000000001
0000001000111010101001110010001000000001
0000001000110010101010000010001000000001
0000001000101010101010100010001000000001
0000000000000000000000000000000000000001
0000001001101000000000001110001000000001
0000001010000000000000001111001000000001
0000001010101010101011100010000000000001
0000001010100010101100000010001000000001
0000001010010010101011100011010000000001
0000001010001010101100000010001000000001
0000001001101010101011000010001000000001
0000001001100010101011010010001000000001
0000001001011010101011110010001000000001
0000000000000000000000000000000000000001
0000001010011000000000001110001000000001
0000001010110000000000001111001000000001
0000001011011010101100110010000000000001
0000001011010010101101010010001000000001
0000001011000010101100110011010000000001
0000001010111010101101010010001000000001
0000001010011010101100010010001000000001
0000001010010010101100100010001000000001
0000001010001010101101000010001000000001
0000000000000000000000000000000000000001
0000001011001000000000001110001000000001
0000001011100000000000001111001000000001
0000001100001010101110000010000000000001
0000001100000010101110100010001000000001
0000001011110010101110000011010000000001
0000001011101010101110100010001000000001
0000001011001010101101100010001000000001
0000001011000010101101110010001000000001
0000001010111010101110010010001000000001
0000000000000000000000000000000000000001
0000001011111000000000001110001000000001
0000001100010000000000001111001000000001
0000001100111010101111010010000000000001
0000001100110010101111110010001000000001
0000001100100010101111010011010000000001
0000001100011010101111110010001000000001
0000001011111010101110110010001000000001
0000001011110010101111000010001000000001
0000001011101010101111100010001000000001
0000000000000000000000000000000000000001
0000001100101000000000001110001000000001
0000001101000000000000001111001000000001
0000001101101010110000100010000000000001
0000001101100010110001000010001000000001
0000001101010010110000100011010000000001
0000001101001010110001000010001000000001
0000001100101010110000000010001000000001
0000001100100010110000010010001000000001
0000001100011010110000110010001000000001
0000000000000000000000000000000000000001
0000001101011000000000001110001000000001
0000001101110000000000001111001000000001
0000001110011010110001110010000000000001
0000001110010010110010010010001000000001
0000001110000010110001110011010000000001
0000001101111010110010010010001000000001
0000001101011010110001010010001000000001
0000001101010010110001100010001000000001
0000001101001010110010000010001000000001
0000000000000000000000000000000000000001
0000001110001000000000001110001000000001
0000001110100000000000001111001000000001
0000001111001010110011000010000000000001
0000001111000010110011100010001000000001
0000001110110010110011000011010000000001
0000001110101010110011100010001000000001
0000001110001010110010100010001000000001
0000001110000010110010110010001000000001
0000001101111010110011010010001000000001
0000000000000000000000000000000000000001
0000001110111000000000001110001000000001
0000001111010000000000001111001000000001
0000001111111010110100010010000000000001
0000001111110010110100110010001000000001
0000001111100010110100010011010000000001
0000001111011010110100110010001000000001
0000001110111010110011110010001000000001
0000001110110010110100000010001000000001
0000001110101010110100100010001000000001
0000000000000000000000000000000000000001
0000001111101000000000001110001000000001
0000010000000000000000001111001000000001
0000010000101010110101100010000000000001
0000010000100010110110000010001000000001
0000010000010010110101100011010000000001
0000010000001010110110000010001000000001
0000001111101010110101000010001000000001
0000001111100010110101010010001000000001
0000001111011010110101110010001000000001
0000000000000000000000000000000000000001
0000010000011000000000001110001000000001
0000010000110000000000001111001000000001
0000010001011010110110110010000000000001
0000010001010010110111010010001000000001
0000010001000010110110110011010000000001
0000010000111010110111010010001000000001
0000010000011010110110010010001000000001
0000010000010010110110100010001000000001
0000010000001010110111000010001000000001
0000000000000000000000000000000000000001
0000010001001000000000001110001000000001
0000010001100000000000001111001000000001
0000010010001010111000000010000000000001
0000010010000010111000100010001000000001
0000010001110010111000000011010000000001
0000010001101010111000100010001000000001
0000010001001010110111100010001000000001
0000010001000010110111110010001000000001
0000010000111010111000010010001000000001
0000000000000000000000000000000000000001
0000010001111000000000001110001000000001
0000000000000000000000000000000000000001
0000000110001000000000001110001000000001
0000010010010000000000001111001000000001
0000000101100001000010000010000000000001
0000000000000000000000000000000000000001
0000010010101000000000001110001000000001
0000010010101000000000001110001000000001
0000010010101000000000001110001000000001
0000010010101000000000001110001000000001
0000010010101000000000001110001000000001
0000010010101000000000001110001000000001
0000010010101000000000001110001000000001
0000010010101000000000001110001000000001
0000010010101000000000001110001000000001
0000010010101000000000001110001000000001
0000010010101000000000001110001000000001
0000010010101000000000001110001000000001
0000010010101000000000001110001000000001
0000010010101000000000001110001000000001
0000010010101000000000001110001000000001
0000010011001010111001010010000000000001
0000010010111010111001010011010000000001
0000010010101010111000110010001000000001
0000010010100010111001000010001000000001
0000000000000000000000000000000000000001
0000010011000000000000001110001000000001
0000010011010000000000001111001000000001
0000010011111010111010000010000000000001
0000010011110010111010100010001000000001
0000010011100010111010000011010000000001
0000010011011010111010100010001000000001
0000010011000010111001100010001000000001
0000010010111010111001110010001000000001
0000010010110010111010010010001000000001
0000000000000000000000000000000000000001
0000010011101000000000001110001000000001
0000010100000000000000001111001000000001
0000010100101010111011010010000000000001
0000010100100010111011110010001000000001
0000010100010010111011010011010000000001
0000010100001010111011110010001000000001
0000010011101010111010110010001000000001
0000010011100010111011000010001000000001
0000010011011010111011100010001000000001
0000000000000000000000000000000000000001
0000010100011000000000001110001000000001
0000010100110000000000001111001000000001
0000010101011010111100100010000000000001
0000010101010010111101000010001000000001
0000010101000010111100100011010000000001
0000010100111010111101000010001000000001
0000010100011010111100000010001000000001
0000010100010010111100010010001000000001
0000010100001010111100110010001000000001
0000000000000000000000000000000000000001
0000010101001000000000001110001000000001
0000010101100000000000001111001000000001
0000010110001010111101110010000000000001
0000010110000010111110010010001000000001
0000010101110010111101110011010000000001
0000010101101010111110010010001000000001
0000010101001010111101010010001000000001
0000010101000010111101100010001000000001
0000010100111010111110000010001000000001
0000000000000000000000000000000000000001
0000010101111000000000001110001000000001
0000010110010000000000001111001000000001
0000010110111010111111000010000000000001
0000010110110010111111100010001000000001
0000010110100010111111000011010000000001
0000010110011010111111100010001000000001
0000010101111010111110100010001000000001
0000010101110010111110110010001000000001
0000010101101010111111010010001000000001
0000000000000000000000000000000000000001
0000010110101000000000001110001000000001
0000010111000000000000001111001000000001
0000010111101011000000010010000000000001
0000010111100011000000110010001000000001
0000010111010011000000010011010000000001
0000010111001011000000110010001000000001
0000010110101010111111110010001000000001
0000010110100011000000000010001000000001
0000010110011011000000100010001000000001
0000000000000000000000000000000000000001
0000010111011000000000001110001000000001
0000010111110000000000001111001000000001
0000011000011011000001100010000000000001
0000011000010011000010000010001000000001
0000011000000011000001100011010000000001
0000010111111011000010000010001000000001
0000010111011011000001000010001000000001
0000010111010011000001010010001000000001
0000010111001011000001110010001000000001
0000000000000000000000000000000000000001
0000011000001000000000001110001000000001
0000011000100000000000001111001000000001
0000011001001011000010110010000000000001
0000011001000011000011010010001000000001
0000011000110011000010110011010000000001
0000011000101011000011010010001000000001
0000011000001011000010010010001000000001
0000011000000011000010100010001000000001
0000010111111011000011000010001000000001
0000000000000000000000000000000000000001
0000011000111000000000001110001000000001
0000011001010000000000001111001000000001
0000011001111011000100000010000000000001
0000011001110011000100100010001000000001
0000011001100011000100000011010000000001
0000011001011011000100100010001000000001
0000011000111011000011100010001000000001
0000011000110011000011110010001000000001
0000011000101011000100010010001000000001
0000000000000000000000000000000000000001
0000011001101000000000001110001000000001
0000011010000000000000001111001000000001
0000011010101011000101010010000000000001
0000011010100011000101110010001000000001
0000011010010011000101010011010000000001
0000011010001011000101110010001000000001
0000011001101011000100110010001000000001
0000011001100011000101000010001000000001
0000011001011011000101100010001000000001
0000000000000000000000000000000000000001
0000011010011000000000001110001000000001
0000011010110000000000001111001000000001
0000011011011011000110100010000000000001
0000011011010011000111000010001000000001
0000011011000011000110100011010000000001
0000011010111011000111000010001000000001
0000011010011011000110000010001000000001
0000011010010011000110010010001000000001
0000011010001011000110110010001000000001
0000000000000000000000000000000000000001
0000011011001000000000001110001000000001
0000011011100000000000001111001000000001
0000011100001011000111110010000000000001
0000011100000011001000010010001000000001
0000011011110011000111110011010000000001
0000011011101011001000010010001000000001
0000011011001011000111010010001000000001
0000011011000011000111100010001000000001
0000011010111011001000000010001000000001
0000000000000000000000000000000000000001
0000011011111000000000001110001000000001
0000011100010000000000001111001000000001
0000011100111011001001000010000000000001
0000011100110011001001100010001000000001
0000011100100011001001000011010000000001
0000011100011011001001100010001000000001
0000011011111011001000100010001000000001
0000011011110011001000110010001000000001
0000011011101011001001010010001000000001
0000000000000000000000000000000000000001
0000011100101000000000001110001000000001
0000011101000000000000001111001000000001
0000011101101011001010010010000000000001
0000011101100011001010110010001000000001
0000011101010011001010010011010000000001
0000011101001011001010110010001000000001
0000011100101011001001110010001000000001
0000011100100011001010000010001000000001
0000011100011011001010100010001000000001
0000000000000000000000000000000000000001
0000011101011000000000001110001000000001
0000011101110000000000001111001000000001
0000011110011011001011100010000000000001
0000011110010011001100000010001000000001
0000011110000011001011100011010000000001
0000011101111011001100000010001000000001
0000011101011011001011000010001000000001
0000011101010011001011010010001000000001
0000011101001011001011110010001000000001
0000000000000000000000000000000000000001
0000011110001000000000001110001000000001
0000000000000000000000000000000000000001
0000010010011000000000001110001000000001
0000011110100000000000001111001000000001
0000000101001001000010000010000000000001
0000011111000000000000001110001000000001
0000000101010001000010000010000000000001
0000011111001000000000001110001000000001
0000000110001001000010000010000000000001
0000011111010000000000001110001000000001
0000010010011001000010000010000000000001
0000011111011000000000001110001000000001
0000000001000001000001110010000000000001
0000011110111000000000001110001000000001
0000011110111000000000001100000000000001
0000000000000111111111111010000000000001
0000000000000000000000000000000000000001
0000011111000001000010000010000010000001
0000011110101000000000001110001000000001
0000011111001001000010000010000010000001
0000011110110000000000001110001000000001
0000000010001001000010000010000000000001
0000011111101000000000001110001000000001
1111111111101001000010000010000000000001
0000100001000000000000001110001000000001
0000011111100001000010000010000000000001
0000011111101001000010000010001001001001
1111111111110001000010000010000000100110
0000100001000000000000001110001000000001
0000100000000001000010000010000000000001
1111111111110011100111000010001001001001
0000011111100001000010000010000000000001
0000100000100001000010000010000000100101
0000100000101000000000001110001000000001
0000100000010001000010000010000000000001
1111111111110011100111000010001001001001
0000011111100001000010000010000000000001
0000100000110001000010000010000000100101
0000100000111000000000001110001000000001
0000100001001001000010000010000000000001
0000000000000000000000000000000000000001
0000000100111000000000001111000000000001
0000000100111001000010000010000000000001
1111111111110011100111000010001001001001
0000100001000001000010000010000000000001
1111111111101001000010000010000000100101
0000100001000000000000001110001000000001
0000011111100001000010000010000000000001
0000011111101000000000001110001000100101
0000100000101011001100010010000000000001
0000100001011000000000001110001000000001
0000100001011000000000001100000000000001
0000011110101001000010000010000000000001
0000100010000000000000001110001000000001
0000100101000011001101010010000100000001
0000100100111011001101100010001100000001
0000100010010011001101010011010100000001
0000100010001011001101100010001100000001
0000100010000011001100100010001100000001
0000100001111011001100110010001100000001
0000100001110011001101000010001100000001
0000000000000000000000000000000000000001
0000100010011000000000001110001000000001
0000100101001000000000001111001000000001
0000011110110001000010000010000000000001
0000100010111000000000001110001000000001
0000100101011011001101010010000100000001
0000100101010011001101100010001100000001
0000100011001011001101010011010100000001
0000100011000011001101100010001100000001
0000100010111011001100100010001100000001
0000100010110011001100110010001100000001
0000100010101011001101000010001100000001
0000000000000000000000000000000000000001
0000100011010000000000001110001000000001
0000100101100000000000001111001000000001
0000100000111011001100010010000000000001
0000100001100000000000001110001000000001
0000100001100000000000001100000000000001
0000011110101001000010000010000000000001
0000100011101000000000001110001000000001
0000100101110011001101010010000100000001
0000100101101011001101100010001100000001
0000100011111011001101010011010100000001
0000100011110011001101100010001100000001
0000100011101011001100100010001100000001
0000100011100011001100110010001100000001
0000100011011011001101000010001100000001
0000000000000000000000000000000000000001
0000100100000000000000001110001000000001
0000100101111000000000001111001000000001
0000011110110001000010000010000000000001
0000100100011000000000001110001000000001
0000100110001011001101010010000100000001
0000100110000011001101100010001100000001
0000100100101011001101010011010100000001
0000100100100011001101100010001100000001
0000100100011011001100100010001100000001
0000100100010011001100110010001100000001
0000100100001011001101000010001100000001
0000000000000000000000000000000000000001
0000100100110000000000001110001000000001
0000100110010000000000001111001000000001
0000011111110001000010000010000000000001
0000100000000001000010000010001001000001
0000100001010000000000001110001000000001
0000100000000001000010000010000000000001
0000100001010011100110110010001000000001
0000100000001000000000001110001000000001
1111111111110001000010000010000000000001
0000100000001001000010000010001001000001
0000100000011000000000001110001000000001
0000100000001000000000001100000000000001
0000100010011111111111110010000000000001
0000100000011000000000001100000000000001
0000100100000111111111110010001000000001
0000100001101000000000001110001000000001
0000100000001000000000001100000000000001
0000100011010111111111110010000000000001
0000100000011000000000001100000000000001
0000100100110111111111110010001000000001
0000100010100000000000001110001000000001
0000011111110001000010000010000000000001
0000100001000001000010000010001001000001
0000000000000000000000000000000000000001
0000011111111000000000001111000000000001
0000000010011001000010000010000000000001
0000100110100000000000001110001000000001
1111111111101001000010000010000000000001
0000100111111000000000001110001000000001
0000100110011001000010000010000000000001
0000100110100001000010000010001001001001
1111111111110001000010000010000000100110
0000100111111000000000001110001000000001
0000100110111001000010000010000000000001
1111111111110100000010000010001001001001
0000100110011001000010000010000000000001
0000100111011001000010000010000000100101
0000100111100000000000001110001000000001
0000100111001001000010000010000000000001
1111111111110100000010000010001001001001
0000100110011001000010000010000000000001
0000100111101001000010000010000000100101
0000100111110000000000001110001000000001
0000101000000001000010000010000000000001
0000000000000000000000000000000000000001
0000000100111000000000001111000000000001
0000000100111001000010000010000000000001
1111111111110100000010000010001001001001
0000100111111001000010000010000000000001
1111111111101001000010000010000000100101
0000100111111000000000001110001000000001
0000100110011001000010000010000000000001
0000100110100000000000001110001000100101
0000100111100011100111010010000000000001
0000101000010000000000001110001000000001
0000101000010000000000001100000000000001
0000100001101001000010000010000000000001
0000101000111000000000001110001000000001
0000101011111011101000010010000100000001
0000101011110011101000100010001100000001
0000101001001011101000010011010100000001
0000101001000011101000100010001100000001
0000101000111011100111100010001100000001
0000101000110011100111110010001100000001
0000101000101011101000000010001100000001
0000000000000000000000000000000000000001
0000101001010000000000001110001000000001
0000101100000000000000001111001000000001
0000100010100001000010000010000000000001
0000101001110000000000001110001000000001
0000101100010011101000010010000100000001
0000101100001011101000100010001100000001
0000101010000011101000010011010100000001
0000101001111011101000100010001100000001
0000101001110011100111100010001100000001
0000101001101011100111110010001100000001
0000101001100011101000000010001100000001
0000000000000000000000000000000000000001
0000101010001000000000001110001000000001
0000101100011000000000001111001000000001
0000100111110011100111010010000000000001
0000101000011000000000001110001000000001
0000101000011000000000001100000000000001
0000100001101001000010000010000000000001
0000101010100000000000001110001000000001
0000101100101011101000010010000100000001
0000101100100011101000100010001100000001
0000101010110011101000010011010100000001
0000101010101011101000100010001100000001
0000101010100011100111100010001100000001
0000101010011011100111110010001100000001
0000101010010011101000000010001100000001
0000000000000000000000000000000000000001
0000101010111000000000001110001000000001
0000101100110000000000001111001000000001
0000100010100001000010000010000000000001
0000101011010000000000001110001000000001
0000101101000011101000010010000100000001
0000101100111011101000100010001100000001
0000101011100011101000010011010100000001
0000101011011011101000100010001100000001
0000101011010011100111100010001100000001
0000101011001011100111110010001100000001
0000101011000011101000000010001100000001
0000000000000000000000000000000000000001
0000101011101000000000001110001000000001
0000101101001000000000001111001000000001
0000100110101001000010000010000000000001
0000100110111001000010000010001001000001
0000101000001000000000001110001000000001
0000100110111001000010000010000000000001
0000101000001100000001110010001000000001
0000100111000000000000001110001000000001
1111111111110001000010000010000000000001
0000100111000001000010000010001001000001
0000100111010000000000001110001000000001
0000100111000000000000001100000000000001
0000101001010111111111110010000000000001
0000100111010000000000001100000000000001
0000101010111111111111110010001000000001
0000101000100000000000001110001000000001
0000100111000000000000001100000000000001
0000101010001111111111110010000000000001
0000100111010000000000001100000000000001
0000101011101111111111110010001000000001
0000101001011000000000001110001000000001
0000100110101001000010000010000000000001
0000100111111001000010000010001001000001
0000000000000000000000000000000000000001
0000100110110000000000001111000000000001
0000000101000001000010000010000000000001
0000101101100001000010000010001001000001
0000101110000000000000001110001000000001
0000101101110001000010000010000000000001
0000101101100001000010000011010000000001
0000101110000100000010010010001000000001
0000101101101000000000001110001000000001
0000101101101000000000001100000000000001
0000101101111000000000001111001000000001
0000101000100111111111110010000000000001
0000101101010000000000001110001000000001
0000101001011111111111110010000000000001
0000101101011000000000001110001000000001
0000101101010001000010000010000000000001
1111111101101000000000000000001000000001
0000101101011001000010000010000000000001
1111111101110000000000000000001000000001
0000000000000000000000000000000000000001
0000000000000000000000000000000000000001
0000000000000000000000000000000000000001
0000000000000000000000000000000000000001
0000000000000000000000000000000000000001
0000000000000000000000000000000000000001
0000000000000000000000000000000000000001
0000000000000000000000000000000000000001
0000000000000000000000000000000000000001
0000000000000000000000000000000000000001
0000000000000000000000000000000000000001
0000000000000000000000000000000000000001
0000000000000000000000000000000000000001
0000000000000000000000000000000000000001
0000000000000000000000000000000000000001
0000000000000000000000000000000000000001
0000000000000000000000000000000000000001
0000000000000000000000000000000000000001
0000000000000000000000000000000000000001
0000000000000000000000000000000000000001
0000000000000000000000000000000000000001
0000000000000000000000000000000000000001
0000000000000000000000000000000000000001
0000000000000000000000000000000000000001
0000000000000000000000000000000000000001
0000000000000000000000000000000000000001
0000000000000000000000000000000000000001
0000000000000000000000000000000000000001
0000000000000000000000000000000000000001
0000000000000000000000000000000000000001
0000000000000000000000000000000000000001
0000000000000000000000000000000000000001
0000000000000000000000000000000000000001
0000000000000000000000000000000000000001
0000000000000000000000000000000000000001
0000000000000000000000000000000000000001
0000000000000000000000000000000000000001
0000000000000000000000000000000000000001
0000000000000000000000000000000000000001
0000000000000000000000000000000000000001
0000000000000000000000000000000000000001
0000000000000000000000000000000000000001
0000000000000000000000000000000000000001
0000000000000000000000000000000000000001
0000000000000000000000000000000000000001
0000000000000000000000000000000000000001
0000000000000000000000000000000000000001
0000000000000000000000000000000000000001
0000000000000000000000000000000000000001
0000000000000000000000000000000000000001
0000000000000000000000000000000000000001
0000000000000000000000000000000000000001
0000000000000000000000000000000000000001
0000000000000000000000000000000000000001
0000000000000000000000000000000000000001
0000000000000000000000000000000000000001
0000000000000000000000000000000000000001
0000000000000000000000000000000000000001
0000000000000000000000000000000000000001
0000000000000000000000000000000000000001
0000000000000000000000000000000000000001
0000000000000000000000000000000000000001
0000000000000000000000000000000000000001
0000000000000000000000000000000000000001
0000000000000000000000000000000000000001
0000000000000000000000000000000000000001
0000000000000000000000000000000000000001
0000000000000000000000000000000000000001
0000000000000000000000000000000000000001
0000000000000000000000000000000000000001
0000000000000000000000000000000000000001
0000000000000000000000000000000000000001
0000000000000000000000000000000000000001
0000000000000000000000000000000000000001
0000000000000000000000000000000000000001
0000000000000000000000000000000000000001
0000000000000000000000000000000000000001
0000000000000000000000000000000000000001
0000000000000000000000000000000000000001
0000000000000000000000000000000000000001
0000000000000000000000000000000000000001
0000000000000000000000000000000000000001
0000000000000000000000000000000000000001
0000000000000000000000000000000000000001
0000000000000000000000000000000000000001
0000000000000000000000000000000000000001
0000000000000000000000000000000000000001
0000000000000000000000000000000000000001
0000000000000000000000000000000000000001
0000000000000000000000000000000000000001
0000000000000000000000000000000000000001
0000000000000000000000000000000000000001
0000000000000000000000000000000000000001
0000000000000000000000000000000000000001
0000000000000000000000000000000000000001
0000000000000000000000000000000000000001
0000000000000000000000000000000000000001
0000000000000000000000000000000000000001
0000000000000000000000000000000000000001
0000000000000000000000000000000000000001
0000000000000000000000000000000000000001
0000000000000000000000000000000000000001
0000000000000000000000000000000000000001
0000000000000000000000000000000000000001
0000000000000000000000000000000000000001
0000000000000000000000000000000000000001
0000000000000000000000000000000000000001
0000000000000000000000000000000000000001
0000000000000000000000000000000000000001
0000000000000000000000000000000000000001
0000000000000000000000000000000000000001
0000000000000000000000000000000000000001
0000000000000000000000000000000000000001
0000000000000000000000000000000000000001
0000000000000000000000000000000000000001
0000000000000000000000000000000000000001
0000000000000000000000000000000000000001
0000000000000000000000000000000000000001
0000000000000000000000000000000000000001
0000000000000000000000000000000000000001
0000000000000000000000000000000000000001
0000000000000000000000000000000000000001
0000000000000000000000000000000000000001
0000000000000000000000000000000000000001
0000000000000000000000000000000000000001
0000000000000000000000000000000000000001
0000000000000000000000000000000000000001
0000000000000000000000000000000000000001
0000000000000000000000000000000000000001
0000000000000000000000000000000000000001
0000000000000000000000000000000000000001
0000000000000000000000000000000000000001
0000000000000000000000000000000000000001
0000000000000000000000000000000000000001
0000000000000000000000000000000000000001
0000000000000000000000000000000000000001
0000000000000000000000000000000000000001
0000000000000000000000000000000000000001
0000000000000000000000000000000000000001
0000000000000000000000000000000000000001
0000000000000000000000000000000000000001
0000000000000000000000000000000000000001
0000000000000000000000000000000000000001
0000000000000000000000000000000000000001
0000000000000000000000000000000000000001
0000000000000000000000000000000000000001
0000000000000000000000000000000000000001
0000000000000000000000000000000000000001
0000000000000000000000000000000000000001
0000000000000000000000000000000000000001
0000000000000000000000000000000000000001
0000000000000000000000000000000000000001
0000000000000000000000000000000000000001
0000000000000000000000000000000000000001
0000000000000000000000000000000000000001
0000000000000000000000000000000000000001
0000000000000000000000000000000000000001
0000000000000000000000000000000000000001
0000000000000000000000000000000000000001
0000000000000000000000000000000000000001
0000000000000000000000000000000000000001
0000000000000000000000000000000000000001
0000000000000000000000000000000000000001
0000000000000000000000000000000000000001
0000000000000000000000000000000000000001
0000000000000000000000000000000000000001
0000000000000000000000000000000000000001
0000000000000000000000000000000000000001
0000000000000000000000000000000000000001
0000000000000000000000000000000000000001
0000000000000000000000000000000000000001
0000000000000000000000000000000000000001
0000000000000000000000000000000000000001
0000000000000000000000000000000000000001
0000000000000000000000000000000000000001
0000000000000000000000000000000000000001
0000000000000000000000000000000000000001
0000000000000000000000000000000000000001
0000000000000000000000000000000000000001
0000000000000000000000000000000000000001
0000000000000000000000000000000000000001
0000000000000000000000000000000000000001
0000000000000000000000000000000000000001
0000000000000000000000000000000000000001
0000000000000000000000000000000000000001
0000000000000000000000000000000000000001
0000000000000000000000000000000000000001
0000000000000000000000000000000000000001
0000000000000000000000000000000000000001
0000000000000000000000000000000000000001
0000000000000000000000000000000000000001
0000000000000000000000000000000000000001
0000000000000000000000000000000000000001
0000000000000000000000000000000000000001
0000000000000000000000000000000000000001
0000000000000000000000000000000000000001
0000000000000000000000000000000000000001
0000000000000000000000000000000000000001
0000000000000000000000000000000000000001
0000000000000000000000000000000000000001
0000000000000000000000000000000000000001
0000000000000000000000000000000000000001
0000000000000000000000000000000000000001
0000000000000000000000000000000000000001
0000000000000000000000000000000000000001
0000000000000000000000000000000000000001
0000000000000000000000000000000000000001
0000000000000000000000000000000000000001
0000000000000000000000000000000000000001
0000000000000000000000000000000000000001
0000000000000000000000000000000000000001
0000000000000000000000000000000000000001
0000000000000000000000000000000000000001
0000000000000000000000000000000000000001
0000000000000000000000000000000000000001
0000000000000000000000000000000000000001
0000000000000000000000000000000000000001
0000000000000000000000000000000000000001
0000000000000000000000000000000000000001
0000000000000000000000000000000000000001
0000000000000000000000000000000000000001
0000000000000000000000000000000000000001
0000000000000000000000000000000000000001
0000000000000000000000000000000000000001
0000000000000000000000000000000000000001
0000000000000000000000000000000000000001
0000000000000000000000000000000000000001
0000000000000000000000000000000000000001
0000000000000000000000000000000000000001
0000000000000000000000000000000000000001
0000000000000000000000000000000000000001
0000000000000000000000000000000000000001
0000000000000000000000000000000000000001
0000000000000000000000000000000000000001
0000000000000000000000000000000000000001
0000000000000000000000000000000000000001
0000000000000000000000000000000000000001
0000000000000000000000000000000000000001
0000000000000000000000000000000000000001
0000000000000000000000000000000000000001
0000000000000000000000000000000000000001
0000000000000000000000000000000000000001
0000000000000000000000000000000000000001
0000000000000000000000000000000000000001
0000000000000000000000000000000000000001
0000000000000000000000000000000000000001
0000000000000000000000000000000000000001
0000000000000000000000000000000000000001
0000000000000000000000000000000000000001
0000000000000000000000000000000000000001
0000000000000000000000000000000000000001
0000000000000000000000000000000000000001
0000000000000000000000000000000000000001
0000000000000000000000000000000000000001
0000000000000000000000000000000000000001
0000000000000000000000000000000000000001
0000000000000000000000000000000000000001
0000000000000000000000000000000000000001
0000000000000000000000000000000000000001
0000000000000000000000000000000000000001
0000000000000000000000000000000000000001
0000000000000000000000000000000000000001
0000000000000000000000000000000000000001
0000000000000000000000000000000000000001
0000000000000000000000000000000000000001
0000000000000000000000000000000000000001
0000000000000000000000000000000000000001
0000000000000000000000000000000000000001
0000000000000000000000000000000000000001
0000000000000000000000000000000000000001
0000000000000000000000000000000000000001
0000000000000000000000000000000000000001
0000000000000000000000000000000000000001
0000000000000000000000000000000000000001
0000000000000000000000000000000000000001
0000000000000000000000000000000000000001
0000000000000000000000000000000000000001
0000000000000000000000000000000000000001
0000000000000000000000000000000000000001
0000000000000000000000000000000000000001
0000000000000000000000000000000000000001
0000000000000000000000000000000000000001
0000000000000000000000000000000000000001
0000000000000000000000000000000000000001
0000000000000000000000000000000000000001
0000000000000000000000000000000000000001
0000000000000000000000000000000000000001
0000000000000000000000000000000000000001
0000000000000000000000000000000000000001
0000000000000000000000000000000000000001
