"Sensitivity Excess Phase - dB SPL/watt (8 ohms, @0.50 meters) (High)"
      "Hz"  "Mag (dB)"       "deg"
20.000000, -40.630, -39.2012
20.600000, -40.008, -47.1279
21.200001, -38.308, -48.9054
21.799999, -36.693, -54.5947
22.400000, -35.593, -61.4911
23.000000, -34.831, -66.1344
23.600000, -34.156, -68.9510
24.299999, -33.490, -72.1179
25.000000, -32.967, -74.9661
25.799999, -32.214, -77.6951
26.500000, -31.501, -82.0687
27.200001, -31.056, -87.8419
28.000000, -30.724, -93.1660
29.000000, -29.872, -97.0631
30.000000, -28.962, -103.9038
30.700001, -28.667, -108.4031
31.500000, -28.328, -112.1520
32.500000, -28.130, -116.3990
33.500000, -28.120, -117.7974
34.500000, -27.950, -117.3000
35.500000, -27.517, -115.3118
36.500000, -26.728, -113.8895
37.500000, -25.851, -113.6838
38.700001, -24.785, -114.5503
40.000000, -23.768, -116.0050
41.200001, -22.802, -117.1555
42.500000, -21.786, -118.7300
43.700001, -20.760, -119.9619
45.000000, -19.570, -121.8511
46.200001, -18.480, -124.1052
47.500000, -17.394, -126.6610
48.700001, -16.324, -128.4281
50.000000, -15.056, -131.1279
51.500000, -13.522, -135.8463
53.000000, -11.972, -143.1205
54.500000, -10.644, -153.7319
56.000000, -10.070, -166.6642
58.000000, -10.263, -176.7118
60.000000, -9.693, 178.5043
61.500000, -9.054, 172.8738
63.000000, -8.559, 165.9634
65.000000, -8.175, 156.4575
67.000000, -8.015, 148.1195
69.000000, -7.851, 140.4857
71.000000, -7.768, 132.7659
73.000000, -7.761, 125.5153
75.000000, -7.816, 118.9434
77.500000, -7.905, 112.2192
80.000000, -7.606, 105.8884
82.500000, -7.321, 95.0720
85.000000, -7.909, 83.2144
87.500000, -9.186, 76.0200
90.000000, -10.634, 74.9070
92.500000, -11.658, 78.7666
95.000000, -11.675, 83.4448
97.500000, -11.184, 82.6920
100.000000, -11.197, 77.8635
103.000000, -12.130, 74.6056
106.000000, -13.242, 78.7964
109.000000, -13.302, 85.0002
112.000000, -12.807, 86.8230
115.000000, -12.594, 86.1176
118.000000, -12.755, 86.1864
122.000000, -12.891, 90.1097
125.000000, -12.495, 93.5999
128.000000, -11.994, 95.2202
132.000000, -11.466, 96.9753
136.000000, -10.459, 99.3704
140.000000, -9.081, 98.1274
145.000000, -7.623, 90.9504
150.000000, -6.438, 77.0686
155.000000, -6.853, 55.1753
160.000000, -9.569, 40.9592
165.000000, -13.964, 52.4202
170.000000, -15.793, 86.8353
175.000000, -12.631, 111.2192
180.000000, -9.869, 112.9763
185.000000, -8.108, 106.8315
190.000000, -7.226, 98.6364
195.000000, -6.824, 93.1680
200.000000, -6.458, 87.8718
206.000000, -6.638, 82.4221
212.000000, -6.864, 82.4109
218.000000, -6.725, 82.9788
224.000000, -6.194, 86.4034
230.000000, -4.470, 86.9939
236.000000, -3.687, 76.1809
243.000000, -5.005, 72.6107
250.000000, -4.260, 85.6677
258.000000, -0.324, 88.6655
265.000000, 1.256, 68.2429
272.000000, 1.057, 45.4319
280.000000, -0.604, 26.7483
290.000000, -3.364, 14.0417
300.000000, -6.976, 19.8405
307.000000, -7.439, 50.4392
315.000000, -3.960, 73.7042
325.000000, -2.206, 54.8982
335.000000, -1.912, 31.8416
345.000000, -3.670, -7.6470
355.000000, -6.703, -87.1301
365.000000, -6.970, 157.5920
375.000000, -5.035, 103.5784
387.000000, -1.785, 84.5862
400.000000, -0.897, 62.0283
412.000000, -1.121, 51.8572
425.000000, -1.231, 40.3501
437.000000, -2.271, 34.0688
450.000000, -3.262, 31.4294
462.000000, -4.225, 33.5513
475.000000, -4.631, 37.1750
487.000000, -4.281, 46.1084
500.000000, -2.984, 49.4636
515.000000, -1.961, 51.9109
530.000000, -0.817, 46.0439
545.000000, -0.870, 36.5464
560.000000, -1.536, 36.9197
580.000000, -0.786, 32.2522
600.000000, -1.316, 20.2346
615.000000, -2.718, 25.2983
630.000000, -2.097, 34.7183
650.000000, -0.684, 27.0947
670.000000, -1.486, 24.0933
690.000000, -1.119, 24.5442
710.000000, -0.830, 15.6399
730.000000, -1.739, 7.5295
750.000000, -3.209, 7.4268
775.000000, -4.082, 20.6111
800.000000, -2.840, 26.4749
825.000000, -1.662, 23.3940
850.000000, -1.091, 14.6406
875.000000, -1.738, 6.5571
900.000000, -2.367, 6.0444
925.000000, -1.820, 3.3555
950.000000, -2.822, 1.8708
975.000000, -2.978, 10.3726
1000.000000, -1.983, 6.9109
1030.000000, -3.584, 2.1436
1060.000000, -4.209, 9.9021
1090.000000, -4.022, 9.6687
1120.000000, -3.569, 9.1953
1150.000000, -3.141, 2.6284
1180.000000, -3.996, -5.6501
1220.000000, -5.207, 11.9431
1250.000000, -3.852, 23.5486
1280.000000, -2.803, 17.3352
1320.000000, -2.747, 1.1372
1360.000000, -4.430, -8.2332
1400.000000, -5.302, -20.7136
1450.000000, -6.548, -125.6392
1500.000000, -8.256, 63.5129
1550.000000, -7.424, -6.5771
1600.000000, -8.713, -137.6001
1650.000000, -12.631, -117.4004
1700.000000, -13.168, -111.0928
1750.000000, -6.922, 147.2417
1800.000000, -2.298, 125.5024
1850.000000, -0.394, 96.2688
1900.000000, -0.073, 72.0332
1950.000000, -1.213, 65.0205
2000.000000, -0.857, 69.9155
2060.000000, -0.387, 73.1880
2120.000000, 1.073, 72.1021
2180.000000, 1.860, 59.6765
2240.000000, 1.426, 51.6453
2300.000000, 1.481, 48.3945
2360.000000, 1.319, 43.4204
2430.000000, 0.910, 40.0757
2500.000000, 1.110, 38.1514
2580.000000, 0.968, 31.3389
2650.000000, -0.066, 29.7043
2720.000000, -0.705, 34.9805
2800.000000, -0.852, 36.8149
2900.000000, -0.827, 41.8076
3000.000000, -0.475, 44.5957
3070.000000, -0.197, 48.8948
3150.000000, 0.883, 52.2715
3250.000000, 2.133, 48.7607
3350.000000, 2.555, 44.2888
3450.000000, 2.973, 39.7278
3550.000000, 2.914, 35.5452
3650.000000, 2.550, 33.5642
3750.000000, 2.439, 37.6011
3870.000000, 3.747, 40.5850
4000.000000, 5.160, 32.6597
4120.000000, 4.829, 23.8215
4250.000000, 4.325, 20.1743
4370.000000, 3.845, 19.1487
4500.000000, 3.850, 24.2341
4620.000000, 5.462, 26.8398
4750.000000, 6.821, 16.6702
4870.000000, 6.776, 2.2617
5000.000000, 5.542, -8.9004
5150.000000, 3.360, -10.1628
5300.000000, 2.101, -1.4966
5450.000000, 2.492, 4.9749
5600.000000, 3.076, 7.5264
5800.000000, 4.686, 6.4011
6000.000000, 4.781, -3.7244
6150.000000, 4.685, -5.5886
6300.000000, 5.198, -9.5815
6500.000000, 5.303, -21.0916
6700.000000, 4.190, -30.5088
6900.000000, 2.783, -31.9602
7100.000000, 2.091, -32.9785
7300.000000, 1.118, -35.6821
7500.000000, -0.382, -30.7451
7750.000000, -0.290, -17.1274
8000.000000, 1.683, -14.8340
8250.000000, 1.963, -23.4773
8500.000000, 2.013, -24.7256
8750.000000, 2.248, -27.9243
9000.000000, 3.066, -29.9922
9250.000000, 3.587, -41.3552
9500.000000, 2.738, -50.8743
9750.000000, 1.890, -54.2747
10000.000000, 1.457, -56.7788
10300.000000, 0.931, -60.0134
10600.000000, 0.551, -60.4353
10900.000000, 0.820, -60.8308
11200.000000, 1.727, -64.3003
11500.000000, 2.406, -75.8003
11800.000000, 1.729, -88.7708
12200.000000, -0.137, -96.2905
12500.000000, -1.159, -92.9207
12800.000000, -0.848, -91.1140
13200.000000, -0.526, -96.6414
13600.000000, -0.203, -102.0984
14000.000000, -0.003, -110.1465
14500.000000, 0.607, -123.6816
15000.000000, -0.882, -139.5938
15500.000000, -1.891, -138.5620
16000.000000, -1.072, -149.8716
16500.000000, -1.761, -169.8511
17000.000000, -3.798, 174.8779
17500.000000, -6.400, 171.6726
18000.000000, -7.584, 168.7695
18500.000000, -8.749, 158.8943
19000.000000, -10.978, 153.5405
19500.000000, -13.298, 157.0217
20000.000000, -14.356, 164.5718
